-29673
-4336
24986
31337
8876
-21745
-32374
-13239
18068
32764
17336
-14030
-32497
-21086
9711
31580
24415
-5197
-30031
-27254
580
27881
29548
4049
-25173
-31251
-8597
21961
32328
12973
-18309
-32758
-17089
14291
32533
20863
-9987
-31656
-24220
5483
30146
27092
-870
-28032
-29422
-3761
25358
31163
8317
-22175
-32280
-12706
18549
32751
16841
-14552
-32566
-20639
10263
31730
24024
-5769
-30258
-26928
1159
28181
29293
3472
-25540
-31072
-8036
22388
32229
12438
-18788
-32741
-16592
14811
32597
20413
-10538
-31801
-23826
6054
30369
26762
-1449
-28328
-29162
-3184
25721
30979
7754
-22599
-32175
-12169
19024
32728
16341
-15069
-32625
-20185
10812
31870
23626
-6339
-30476
-26593
1739
28473
29029
2895
-25900
-30883
-7472
22808
32119
11900
-19260
-32712
-16089
15326
32651
19956
-11086
-31936
-23424
6623
30582
26423
-2028
-28615
-28893
-2606
26076
30785
7189
-23015
-32060
-11629
19494
32694
15836
-15582
-32674
-19725
11358
31999
23220
-6907
-30685
-26250
2318
28755
28755
2317
-26251
-30684
-6906
23221
31999
11357
-19726
-32674
-15581
15836
32694
19493
-11630
-32061
-23015
7190
30785
26076
-2607
-28893
-28615
-2027
26423
30581
6622
-23425
-31936
-11085
19957
32651
15325
-16090
-32712
-19259
11900
32119
22807
-7473
-30883
-25899
2896
29029
28472
1738
-26594
-30476
-6338
23626
31869
10811
-20186
-32625
-15068
16342
32728
19024
-12170
-32175
-22598
7755
30979
25720
-3185
-29162
-28328
-1448
26762
30368
6053
-23826
-31801
-10537
20414
32597
14810
-16592
-32741
-18787
12439
32229
22387
-8037
-31072
-25540
3473
29294
28181
1158
-26929
-30258
-5768
24025
31730
10262
-20640
-32566
-14551
16842
32751
18548
-12707
-32280
-22175
8317
31163
25357
-3762
-29422
-28032
-869
27093
30146
5482
-24221
-31656
-9986
20864
32533
14290
-17090
-32758
-18309
12974
32328
21960
-8598
-31251
-25172
4050
29549
27881
579
-27255
-30031
-5196
24415
31580
9710
-21087
-32497
-14029
17337
32764
18067
-13240
-32374
-21744
8877
31337
24986
-4337
-29673
-27727
-289
27415
29914
4910
-24608
-31501
-9432
21308
32459
13766
-17582
-32766
-17825
13504
32418
21526
-9156
-31421
-24797
4625
29795
27571
0
-27573
-29794
-4623
24798
31420
9154
-21528
-32418
-13502
17826
32766
17581
-13768
-32459
-21307
9434
31502
24606
-4912
-29914
-27414
291
27728
29672
4335
-24987
-31337
-8875
21746
32374
13238
-18069
-32764
-17335
14031
32497
21086
-9712
-31580
-24414
5198
30032
27254
-581
-27882
-29548
-4048
25174
31251
8596
-21962
-32328
-12972
18310
32758
17088
-14292
-32533
-20863
9988
31657
24220
-5484
-30146
